[ 0.          0.          0.          0.          0.          0.
  0.          0.          0.          0.          0.          1.09289617
  0.          0.          0.          0.          0.          0.
  0.          0.          0.54644809  0.          0.          0.
  0.          0.          0.          0.          0.          0.
  0.          0.          0.          0.          0.          0.
  0.          0.          0.          0.          0.          0.
  0.          0.          0.          0.          0.          0.
  0.          0.1980198   0.1980198   0.0660066   0.          0.0660066
  1.16666667  2.         56.          0.        ]
[ 0.          0.          0.          0.          0.          0.
  0.          0.          0.          0.          0.          0.
  0.          0.          0.          0.          0.          3.44827586
  1.72413793  0.          1.72413793  0.          0.          0.
  0.          0.          0.          0.          0.          0.
  0.          0.          0.          0.          0.          0.
  0.          0.          0.          0.          0.          0.
  0.          0.          0.          0.          0.          0.
  0.          0.          0.          0.          0.          0.
  1.36363636  5.         45.          0.        ]
[ 0.          0.          0.          0.          0.81967213  0.
  0.          0.          0.          0.          0.          0.
  0.          0.          0.          0.          3.27868852  0.
  0.81967213  0.          1.63934426  0.          0.          0.
  0.          0.          0.          0.          0.          0.
  0.          0.          0.          0.          0.          0.
  0.          0.          0.          0.          0.          0.
  0.          0.81967213  0.          0.          0.          0.
  0.12210012  0.12210012  0.          0.          0.          0.
  1.65714286 10.         58.          1.        ]
